{
 "cells": [
  {
   "attachments": {},
   "cell_type": "markdown",
   "metadata": {},
   "source": [
    "# Actividad Módulo 18: Visualización de datos Para Analytics\n",
    "Utilizando el csv fifa_eda.csv\n",
    "1. Generación de un wireframe sobre un reporte con 5 elementos:\n",
    "    1. Matriz de correlación como heatmap\n",
    "    2. Gráfico de correlación que responda cuál es la relación entre la edad y el overall, explicar\n",
    "    3. Gráfico de barras por club que indique el número de jugadores\n",
    "    4. Gráfico multipanel que indique la relación altura vs skill moves siendo la variable de panel si es zurdo o es diestro\n",
    "    5. Gráfico a elección para mostrar a los potenciales cracks\n"
   ]
  },
  {
   "cell_type": "code",
   "execution_count": 1,
   "metadata": {},
   "outputs": [],
   "source": [
    "import pandas as pd\n",
    "import plotly.express as px"
   ]
  },
  {
   "cell_type": "code",
   "execution_count": 2,
   "metadata": {},
   "outputs": [
    {
     "data": {
      "text/html": [
       "<div>\n",
       "<style scoped>\n",
       "    .dataframe tbody tr th:only-of-type {\n",
       "        vertical-align: middle;\n",
       "    }\n",
       "\n",
       "    .dataframe tbody tr th {\n",
       "        vertical-align: top;\n",
       "    }\n",
       "\n",
       "    .dataframe thead th {\n",
       "        text-align: right;\n",
       "    }\n",
       "</style>\n",
       "<table border=\"1\" class=\"dataframe\">\n",
       "  <thead>\n",
       "    <tr style=\"text-align: right;\">\n",
       "      <th></th>\n",
       "      <th>ID</th>\n",
       "      <th>Name</th>\n",
       "      <th>Age</th>\n",
       "      <th>Nationality</th>\n",
       "      <th>Overall</th>\n",
       "      <th>Potential</th>\n",
       "      <th>Club</th>\n",
       "      <th>Value</th>\n",
       "      <th>Wage</th>\n",
       "      <th>Preferred Foot</th>\n",
       "      <th>International Reputation</th>\n",
       "      <th>Skill Moves</th>\n",
       "      <th>Position</th>\n",
       "      <th>Joined</th>\n",
       "      <th>Contract Valid Until</th>\n",
       "      <th>Height</th>\n",
       "      <th>Weight</th>\n",
       "      <th>Release Clause</th>\n",
       "    </tr>\n",
       "  </thead>\n",
       "  <tbody>\n",
       "    <tr>\n",
       "      <th>1531</th>\n",
       "      <td>229092</td>\n",
       "      <td>A. Umar</td>\n",
       "      <td>23</td>\n",
       "      <td>Nigeria</td>\n",
       "      <td>76</td>\n",
       "      <td>81</td>\n",
       "      <td>Çaykur Rizespor</td>\n",
       "      <td>10500.0</td>\n",
       "      <td>13.0</td>\n",
       "      <td>Right</td>\n",
       "      <td>1.0</td>\n",
       "      <td>4.0</td>\n",
       "      <td>RM</td>\n",
       "      <td>2015</td>\n",
       "      <td>2020-01-01</td>\n",
       "      <td>5.750000</td>\n",
       "      <td>159.0</td>\n",
       "      <td>21800.0</td>\n",
       "    </tr>\n",
       "    <tr>\n",
       "      <th>4512</th>\n",
       "      <td>166838</td>\n",
       "      <td>M. Pugh</td>\n",
       "      <td>31</td>\n",
       "      <td>England</td>\n",
       "      <td>71</td>\n",
       "      <td>71</td>\n",
       "      <td>Bournemouth</td>\n",
       "      <td>2100.0</td>\n",
       "      <td>35.0</td>\n",
       "      <td>Right</td>\n",
       "      <td>1.0</td>\n",
       "      <td>4.0</td>\n",
       "      <td>LM</td>\n",
       "      <td>2010</td>\n",
       "      <td>2019-01-01</td>\n",
       "      <td>5.916667</td>\n",
       "      <td>159.0</td>\n",
       "      <td>4000.0</td>\n",
       "    </tr>\n",
       "    <tr>\n",
       "      <th>17625</th>\n",
       "      <td>227975</td>\n",
       "      <td>H. Fossdal</td>\n",
       "      <td>19</td>\n",
       "      <td>Norway</td>\n",
       "      <td>53</td>\n",
       "      <td>67</td>\n",
       "      <td>FK Haugesund</td>\n",
       "      <td>100.0</td>\n",
       "      <td>1.0</td>\n",
       "      <td>Right</td>\n",
       "      <td>1.0</td>\n",
       "      <td>1.0</td>\n",
       "      <td>GK</td>\n",
       "      <td>2017</td>\n",
       "      <td>2019-01-01</td>\n",
       "      <td>6.000000</td>\n",
       "      <td>163.0</td>\n",
       "      <td>188.0</td>\n",
       "    </tr>\n",
       "    <tr>\n",
       "      <th>4431</th>\n",
       "      <td>176790</td>\n",
       "      <td>S. Aigner</td>\n",
       "      <td>30</td>\n",
       "      <td>Germany</td>\n",
       "      <td>71</td>\n",
       "      <td>71</td>\n",
       "      <td>KFC Uerdingen 05</td>\n",
       "      <td>2200.0</td>\n",
       "      <td>6.0</td>\n",
       "      <td>Right</td>\n",
       "      <td>2.0</td>\n",
       "      <td>3.0</td>\n",
       "      <td>ST</td>\n",
       "      <td>2018</td>\n",
       "      <td>2021-01-01</td>\n",
       "      <td>6.000000</td>\n",
       "      <td>161.0</td>\n",
       "      <td>3200.0</td>\n",
       "    </tr>\n",
       "    <tr>\n",
       "      <th>8610</th>\n",
       "      <td>233436</td>\n",
       "      <td>A. Mbekile</td>\n",
       "      <td>31</td>\n",
       "      <td>South Africa</td>\n",
       "      <td>67</td>\n",
       "      <td>67</td>\n",
       "      <td>Orlando Pirates</td>\n",
       "      <td>500.0</td>\n",
       "      <td>1.0</td>\n",
       "      <td>Right</td>\n",
       "      <td>1.0</td>\n",
       "      <td>3.0</td>\n",
       "      <td>RB</td>\n",
       "      <td>2018</td>\n",
       "      <td>2021-01-01</td>\n",
       "      <td>5.666667</td>\n",
       "      <td>159.0</td>\n",
       "      <td>1100.0</td>\n",
       "    </tr>\n",
       "  </tbody>\n",
       "</table>\n",
       "</div>"
      ],
      "text/plain": [
       "           ID        Name  Age   Nationality  Overall  Potential  \\\n",
       "1531   229092     A. Umar   23       Nigeria       76         81   \n",
       "4512   166838     M. Pugh   31       England       71         71   \n",
       "17625  227975  H. Fossdal   19        Norway       53         67   \n",
       "4431   176790   S. Aigner   30       Germany       71         71   \n",
       "8610   233436  A. Mbekile   31  South Africa       67         67   \n",
       "\n",
       "                   Club    Value  Wage Preferred Foot  \\\n",
       "1531    Çaykur Rizespor  10500.0  13.0          Right   \n",
       "4512        Bournemouth   2100.0  35.0          Right   \n",
       "17625      FK Haugesund    100.0   1.0          Right   \n",
       "4431   KFC Uerdingen 05   2200.0   6.0          Right   \n",
       "8610    Orlando Pirates    500.0   1.0          Right   \n",
       "\n",
       "       International Reputation  Skill Moves Position  Joined  \\\n",
       "1531                        1.0          4.0       RM    2015   \n",
       "4512                        1.0          4.0       LM    2010   \n",
       "17625                       1.0          1.0       GK    2017   \n",
       "4431                        2.0          3.0       ST    2018   \n",
       "8610                        1.0          3.0       RB    2018   \n",
       "\n",
       "      Contract Valid Until    Height  Weight  Release Clause  \n",
       "1531            2020-01-01  5.750000   159.0         21800.0  \n",
       "4512            2019-01-01  5.916667   159.0          4000.0  \n",
       "17625           2019-01-01  6.000000   163.0           188.0  \n",
       "4431            2021-01-01  6.000000   161.0          3200.0  \n",
       "8610            2021-01-01  5.666667   159.0          1100.0  "
      ]
     },
     "execution_count": 2,
     "metadata": {},
     "output_type": "execute_result"
    }
   ],
   "source": [
    "df = pd.read_csv('d:/Documentos/DataAnalysis/EBAC/Python/Modulo14/fifa_eda.csv')\n",
    "df.sample(5)"
   ]
  },
  {
   "cell_type": "code",
   "execution_count": 3,
   "metadata": {},
   "outputs": [
    {
     "data": {
      "application/vnd.plotly.v1+json": {
       "config": {
        "plotlyServerURL": "https://plot.ly"
       },
       "data": [
        {
         "coloraxis": "coloraxis",
         "hovertemplate": "x: %{x}<br>y: %{y}<br>color: %{z}<extra></extra>",
         "name": "0",
         "type": "heatmap",
         "x": [
          "ID",
          "Age",
          "Overall",
          "Potential",
          "Value",
          "Wage",
          "International Reputation",
          "Skill Moves",
          "Joined",
          "Height",
          "Weight",
          "Release Clause"
         ],
         "xaxis": "x",
         "y": [
          "ID",
          "Age",
          "Overall",
          "Potential",
          "Value",
          "Wage",
          "International Reputation",
          "Skill Moves",
          "Joined",
          "Height",
          "Weight",
          "Release Clause"
         ],
         "yaxis": "y",
         "z": [
          [
           1,
           -0.7392081885153141,
           -0.4170249506173243,
           0.047074237036171626,
           -0.139837211834307,
           -0.20461017144321494,
           -0.35619100951806215,
           -0.056913980313886135,
           0.20674938664958997,
           -0.09008955152669698,
           -0.1911926088942541,
           -0.12129722216349277
          ],
          [
           -0.7392081885153141,
           1,
           0.45234952145633345,
           -0.25331210741097177,
           0.07831456410597097,
           0.14114503108397372,
           0.25376524523720784,
           0.02764882682873969,
           -0.20265801727092184,
           0.08250611758789637,
           0.2299399958202655,
           0.058672072739603495
          ],
          [
           -0.4170249506173243,
           0.45234952145633345,
           1,
           0.6609385409937739,
           0.6318477413577581,
           0.5719260112876119,
           0.4994911571283042,
           0.41446323510268385,
           -0.16928054449240743,
           0.03852727374437707,
           0.154557312556193,
           0.5978213600711941
          ],
          [
           0.047074237036171626,
           -0.25331210741097177,
           0.6609385409937739,
           1,
           0.579607675899885,
           0.4864131740517056,
           0.3729926999048472,
           0.35429008003536,
           -0.04766076723314547,
           -0.009790742181972865,
           -0.006935283203133863,
           0.5623455099315674
          ],
          [
           -0.139837211834307,
           0.07831456410597097,
           0.6318477413577581,
           0.579607675899885,
           1,
           0.8580862371713892,
           0.6561584940744872,
           0.31724577042799934,
           -0.1159912909366561,
           0.002826938058260512,
           0.04670159222329296,
           0.9733101087804972
          ],
          [
           -0.20461017144321494,
           0.14114503108397372,
           0.5719260112876119,
           0.4864131740517056,
           0.8580862371713892,
           1,
           0.668634635300607,
           0.2632050447291856,
           -0.14233675520889755,
           0.019637958132316686,
           0.06476442083187048,
           0.8281609026616102
          ],
          [
           -0.35619100951806215,
           0.25376524523720784,
           0.4994911571283042,
           0.3729926999048472,
           0.6561584940744872,
           0.668634635300607,
           1,
           0.20815268522149813,
           -0.13300938328318682,
           0.034880716798680315,
           0.08834040302755708,
           0.620862646293249
          ],
          [
           -0.056913980313886135,
           0.02764882682873969,
           0.41446323510268385,
           0.35429008003536,
           0.31724577042799934,
           0.2632050447291856,
           0.20815268522149813,
           1,
           0.02069151178701043,
           -0.4227530419632704,
           -0.35120931158078106,
           0.2974708053902865
          ],
          [
           0.20674938664958997,
           -0.20265801727092184,
           -0.16928054449240743,
           -0.04766076723314547,
           -0.1159912909366561,
           -0.14233675520889755,
           -0.13300938328318682,
           0.02069151178701043,
           1,
           0.0011881425125421278,
           -0.028273911233169854,
           -0.11537418118928763
          ],
          [
           -0.09008955152669698,
           0.08250611758789637,
           0.03852727374437707,
           -0.009790742181972865,
           0.002826938058260512,
           0.019637958132316686,
           0.034880716798680315,
           -0.4227530419632704,
           0.0011881425125421278,
           1,
           0.7546782163284768,
           0.0018347431427932221
          ],
          [
           -0.1911926088942541,
           0.2299399958202655,
           0.154557312556193,
           -0.006935283203133863,
           0.04670159222329296,
           0.06476442083187048,
           0.08834040302755708,
           -0.35120931158078106,
           -0.028273911233169854,
           0.7546782163284768,
           1,
           0.03810335932487516
          ],
          [
           -0.12129722216349277,
           0.058672072739603495,
           0.5978213600711941,
           0.5623455099315674,
           0.9733101087804972,
           0.8281609026616102,
           0.620862646293249,
           0.2974708053902865,
           -0.11537418118928763,
           0.0018347431427932221,
           0.03810335932487516,
           1
          ]
         ]
        }
       ],
       "layout": {
        "coloraxis": {
         "colorscale": [
          [
           0,
           "#0d0887"
          ],
          [
           0.1111111111111111,
           "#46039f"
          ],
          [
           0.2222222222222222,
           "#7201a8"
          ],
          [
           0.3333333333333333,
           "#9c179e"
          ],
          [
           0.4444444444444444,
           "#bd3786"
          ],
          [
           0.5555555555555556,
           "#d8576b"
          ],
          [
           0.6666666666666666,
           "#ed7953"
          ],
          [
           0.7777777777777778,
           "#fb9f3a"
          ],
          [
           0.8888888888888888,
           "#fdca26"
          ],
          [
           1,
           "#f0f921"
          ]
         ]
        },
        "margin": {
         "t": 60
        },
        "template": {
         "data": {
          "bar": [
           {
            "error_x": {
             "color": "#2a3f5f"
            },
            "error_y": {
             "color": "#2a3f5f"
            },
            "marker": {
             "line": {
              "color": "#E5ECF6",
              "width": 0.5
             },
             "pattern": {
              "fillmode": "overlay",
              "size": 10,
              "solidity": 0.2
             }
            },
            "type": "bar"
           }
          ],
          "barpolar": [
           {
            "marker": {
             "line": {
              "color": "#E5ECF6",
              "width": 0.5
             },
             "pattern": {
              "fillmode": "overlay",
              "size": 10,
              "solidity": 0.2
             }
            },
            "type": "barpolar"
           }
          ],
          "carpet": [
           {
            "aaxis": {
             "endlinecolor": "#2a3f5f",
             "gridcolor": "white",
             "linecolor": "white",
             "minorgridcolor": "white",
             "startlinecolor": "#2a3f5f"
            },
            "baxis": {
             "endlinecolor": "#2a3f5f",
             "gridcolor": "white",
             "linecolor": "white",
             "minorgridcolor": "white",
             "startlinecolor": "#2a3f5f"
            },
            "type": "carpet"
           }
          ],
          "choropleth": [
           {
            "colorbar": {
             "outlinewidth": 0,
             "ticks": ""
            },
            "type": "choropleth"
           }
          ],
          "contour": [
           {
            "colorbar": {
             "outlinewidth": 0,
             "ticks": ""
            },
            "colorscale": [
             [
              0,
              "#0d0887"
             ],
             [
              0.1111111111111111,
              "#46039f"
             ],
             [
              0.2222222222222222,
              "#7201a8"
             ],
             [
              0.3333333333333333,
              "#9c179e"
             ],
             [
              0.4444444444444444,
              "#bd3786"
             ],
             [
              0.5555555555555556,
              "#d8576b"
             ],
             [
              0.6666666666666666,
              "#ed7953"
             ],
             [
              0.7777777777777778,
              "#fb9f3a"
             ],
             [
              0.8888888888888888,
              "#fdca26"
             ],
             [
              1,
              "#f0f921"
             ]
            ],
            "type": "contour"
           }
          ],
          "contourcarpet": [
           {
            "colorbar": {
             "outlinewidth": 0,
             "ticks": ""
            },
            "type": "contourcarpet"
           }
          ],
          "heatmap": [
           {
            "colorbar": {
             "outlinewidth": 0,
             "ticks": ""
            },
            "colorscale": [
             [
              0,
              "#0d0887"
             ],
             [
              0.1111111111111111,
              "#46039f"
             ],
             [
              0.2222222222222222,
              "#7201a8"
             ],
             [
              0.3333333333333333,
              "#9c179e"
             ],
             [
              0.4444444444444444,
              "#bd3786"
             ],
             [
              0.5555555555555556,
              "#d8576b"
             ],
             [
              0.6666666666666666,
              "#ed7953"
             ],
             [
              0.7777777777777778,
              "#fb9f3a"
             ],
             [
              0.8888888888888888,
              "#fdca26"
             ],
             [
              1,
              "#f0f921"
             ]
            ],
            "type": "heatmap"
           }
          ],
          "heatmapgl": [
           {
            "colorbar": {
             "outlinewidth": 0,
             "ticks": ""
            },
            "colorscale": [
             [
              0,
              "#0d0887"
             ],
             [
              0.1111111111111111,
              "#46039f"
             ],
             [
              0.2222222222222222,
              "#7201a8"
             ],
             [
              0.3333333333333333,
              "#9c179e"
             ],
             [
              0.4444444444444444,
              "#bd3786"
             ],
             [
              0.5555555555555556,
              "#d8576b"
             ],
             [
              0.6666666666666666,
              "#ed7953"
             ],
             [
              0.7777777777777778,
              "#fb9f3a"
             ],
             [
              0.8888888888888888,
              "#fdca26"
             ],
             [
              1,
              "#f0f921"
             ]
            ],
            "type": "heatmapgl"
           }
          ],
          "histogram": [
           {
            "marker": {
             "pattern": {
              "fillmode": "overlay",
              "size": 10,
              "solidity": 0.2
             }
            },
            "type": "histogram"
           }
          ],
          "histogram2d": [
           {
            "colorbar": {
             "outlinewidth": 0,
             "ticks": ""
            },
            "colorscale": [
             [
              0,
              "#0d0887"
             ],
             [
              0.1111111111111111,
              "#46039f"
             ],
             [
              0.2222222222222222,
              "#7201a8"
             ],
             [
              0.3333333333333333,
              "#9c179e"
             ],
             [
              0.4444444444444444,
              "#bd3786"
             ],
             [
              0.5555555555555556,
              "#d8576b"
             ],
             [
              0.6666666666666666,
              "#ed7953"
             ],
             [
              0.7777777777777778,
              "#fb9f3a"
             ],
             [
              0.8888888888888888,
              "#fdca26"
             ],
             [
              1,
              "#f0f921"
             ]
            ],
            "type": "histogram2d"
           }
          ],
          "histogram2dcontour": [
           {
            "colorbar": {
             "outlinewidth": 0,
             "ticks": ""
            },
            "colorscale": [
             [
              0,
              "#0d0887"
             ],
             [
              0.1111111111111111,
              "#46039f"
             ],
             [
              0.2222222222222222,
              "#7201a8"
             ],
             [
              0.3333333333333333,
              "#9c179e"
             ],
             [
              0.4444444444444444,
              "#bd3786"
             ],
             [
              0.5555555555555556,
              "#d8576b"
             ],
             [
              0.6666666666666666,
              "#ed7953"
             ],
             [
              0.7777777777777778,
              "#fb9f3a"
             ],
             [
              0.8888888888888888,
              "#fdca26"
             ],
             [
              1,
              "#f0f921"
             ]
            ],
            "type": "histogram2dcontour"
           }
          ],
          "mesh3d": [
           {
            "colorbar": {
             "outlinewidth": 0,
             "ticks": ""
            },
            "type": "mesh3d"
           }
          ],
          "parcoords": [
           {
            "line": {
             "colorbar": {
              "outlinewidth": 0,
              "ticks": ""
             }
            },
            "type": "parcoords"
           }
          ],
          "pie": [
           {
            "automargin": true,
            "type": "pie"
           }
          ],
          "scatter": [
           {
            "fillpattern": {
             "fillmode": "overlay",
             "size": 10,
             "solidity": 0.2
            },
            "type": "scatter"
           }
          ],
          "scatter3d": [
           {
            "line": {
             "colorbar": {
              "outlinewidth": 0,
              "ticks": ""
             }
            },
            "marker": {
             "colorbar": {
              "outlinewidth": 0,
              "ticks": ""
             }
            },
            "type": "scatter3d"
           }
          ],
          "scattercarpet": [
           {
            "marker": {
             "colorbar": {
              "outlinewidth": 0,
              "ticks": ""
             }
            },
            "type": "scattercarpet"
           }
          ],
          "scattergeo": [
           {
            "marker": {
             "colorbar": {
              "outlinewidth": 0,
              "ticks": ""
             }
            },
            "type": "scattergeo"
           }
          ],
          "scattergl": [
           {
            "marker": {
             "colorbar": {
              "outlinewidth": 0,
              "ticks": ""
             }
            },
            "type": "scattergl"
           }
          ],
          "scattermapbox": [
           {
            "marker": {
             "colorbar": {
              "outlinewidth": 0,
              "ticks": ""
             }
            },
            "type": "scattermapbox"
           }
          ],
          "scatterpolar": [
           {
            "marker": {
             "colorbar": {
              "outlinewidth": 0,
              "ticks": ""
             }
            },
            "type": "scatterpolar"
           }
          ],
          "scatterpolargl": [
           {
            "marker": {
             "colorbar": {
              "outlinewidth": 0,
              "ticks": ""
             }
            },
            "type": "scatterpolargl"
           }
          ],
          "scatterternary": [
           {
            "marker": {
             "colorbar": {
              "outlinewidth": 0,
              "ticks": ""
             }
            },
            "type": "scatterternary"
           }
          ],
          "surface": [
           {
            "colorbar": {
             "outlinewidth": 0,
             "ticks": ""
            },
            "colorscale": [
             [
              0,
              "#0d0887"
             ],
             [
              0.1111111111111111,
              "#46039f"
             ],
             [
              0.2222222222222222,
              "#7201a8"
             ],
             [
              0.3333333333333333,
              "#9c179e"
             ],
             [
              0.4444444444444444,
              "#bd3786"
             ],
             [
              0.5555555555555556,
              "#d8576b"
             ],
             [
              0.6666666666666666,
              "#ed7953"
             ],
             [
              0.7777777777777778,
              "#fb9f3a"
             ],
             [
              0.8888888888888888,
              "#fdca26"
             ],
             [
              1,
              "#f0f921"
             ]
            ],
            "type": "surface"
           }
          ],
          "table": [
           {
            "cells": {
             "fill": {
              "color": "#EBF0F8"
             },
             "line": {
              "color": "white"
             }
            },
            "header": {
             "fill": {
              "color": "#C8D4E3"
             },
             "line": {
              "color": "white"
             }
            },
            "type": "table"
           }
          ]
         },
         "layout": {
          "annotationdefaults": {
           "arrowcolor": "#2a3f5f",
           "arrowhead": 0,
           "arrowwidth": 1
          },
          "autotypenumbers": "strict",
          "coloraxis": {
           "colorbar": {
            "outlinewidth": 0,
            "ticks": ""
           }
          },
          "colorscale": {
           "diverging": [
            [
             0,
             "#8e0152"
            ],
            [
             0.1,
             "#c51b7d"
            ],
            [
             0.2,
             "#de77ae"
            ],
            [
             0.3,
             "#f1b6da"
            ],
            [
             0.4,
             "#fde0ef"
            ],
            [
             0.5,
             "#f7f7f7"
            ],
            [
             0.6,
             "#e6f5d0"
            ],
            [
             0.7,
             "#b8e186"
            ],
            [
             0.8,
             "#7fbc41"
            ],
            [
             0.9,
             "#4d9221"
            ],
            [
             1,
             "#276419"
            ]
           ],
           "sequential": [
            [
             0,
             "#0d0887"
            ],
            [
             0.1111111111111111,
             "#46039f"
            ],
            [
             0.2222222222222222,
             "#7201a8"
            ],
            [
             0.3333333333333333,
             "#9c179e"
            ],
            [
             0.4444444444444444,
             "#bd3786"
            ],
            [
             0.5555555555555556,
             "#d8576b"
            ],
            [
             0.6666666666666666,
             "#ed7953"
            ],
            [
             0.7777777777777778,
             "#fb9f3a"
            ],
            [
             0.8888888888888888,
             "#fdca26"
            ],
            [
             1,
             "#f0f921"
            ]
           ],
           "sequentialminus": [
            [
             0,
             "#0d0887"
            ],
            [
             0.1111111111111111,
             "#46039f"
            ],
            [
             0.2222222222222222,
             "#7201a8"
            ],
            [
             0.3333333333333333,
             "#9c179e"
            ],
            [
             0.4444444444444444,
             "#bd3786"
            ],
            [
             0.5555555555555556,
             "#d8576b"
            ],
            [
             0.6666666666666666,
             "#ed7953"
            ],
            [
             0.7777777777777778,
             "#fb9f3a"
            ],
            [
             0.8888888888888888,
             "#fdca26"
            ],
            [
             1,
             "#f0f921"
            ]
           ]
          },
          "colorway": [
           "#636efa",
           "#EF553B",
           "#00cc96",
           "#ab63fa",
           "#FFA15A",
           "#19d3f3",
           "#FF6692",
           "#B6E880",
           "#FF97FF",
           "#FECB52"
          ],
          "font": {
           "color": "#2a3f5f"
          },
          "geo": {
           "bgcolor": "white",
           "lakecolor": "white",
           "landcolor": "#E5ECF6",
           "showlakes": true,
           "showland": true,
           "subunitcolor": "white"
          },
          "hoverlabel": {
           "align": "left"
          },
          "hovermode": "closest",
          "mapbox": {
           "style": "light"
          },
          "paper_bgcolor": "white",
          "plot_bgcolor": "#E5ECF6",
          "polar": {
           "angularaxis": {
            "gridcolor": "white",
            "linecolor": "white",
            "ticks": ""
           },
           "bgcolor": "#E5ECF6",
           "radialaxis": {
            "gridcolor": "white",
            "linecolor": "white",
            "ticks": ""
           }
          },
          "scene": {
           "xaxis": {
            "backgroundcolor": "#E5ECF6",
            "gridcolor": "white",
            "gridwidth": 2,
            "linecolor": "white",
            "showbackground": true,
            "ticks": "",
            "zerolinecolor": "white"
           },
           "yaxis": {
            "backgroundcolor": "#E5ECF6",
            "gridcolor": "white",
            "gridwidth": 2,
            "linecolor": "white",
            "showbackground": true,
            "ticks": "",
            "zerolinecolor": "white"
           },
           "zaxis": {
            "backgroundcolor": "#E5ECF6",
            "gridcolor": "white",
            "gridwidth": 2,
            "linecolor": "white",
            "showbackground": true,
            "ticks": "",
            "zerolinecolor": "white"
           }
          },
          "shapedefaults": {
           "line": {
            "color": "#2a3f5f"
           }
          },
          "ternary": {
           "aaxis": {
            "gridcolor": "white",
            "linecolor": "white",
            "ticks": ""
           },
           "baxis": {
            "gridcolor": "white",
            "linecolor": "white",
            "ticks": ""
           },
           "bgcolor": "#E5ECF6",
           "caxis": {
            "gridcolor": "white",
            "linecolor": "white",
            "ticks": ""
           }
          },
          "title": {
           "x": 0.05
          },
          "xaxis": {
           "automargin": true,
           "gridcolor": "white",
           "linecolor": "white",
           "ticks": "",
           "title": {
            "standoff": 15
           },
           "zerolinecolor": "white",
           "zerolinewidth": 2
          },
          "yaxis": {
           "automargin": true,
           "gridcolor": "white",
           "linecolor": "white",
           "ticks": "",
           "title": {
            "standoff": 15
           },
           "zerolinecolor": "white",
           "zerolinewidth": 2
          }
         }
        },
        "xaxis": {
         "anchor": "y",
         "constrain": "domain",
         "domain": [
          0,
          1
         ],
         "scaleanchor": "y"
        },
        "yaxis": {
         "anchor": "x",
         "autorange": "reversed",
         "constrain": "domain",
         "domain": [
          0,
          1
         ]
        }
       }
      }
     },
     "metadata": {},
     "output_type": "display_data"
    }
   ],
   "source": [
    "# 1 Matriz de correlación como heatmap\n",
    "fig = px.imshow(df.corr(numeric_only=True))\n",
    "fig.show()"
   ]
  },
  {
   "attachments": {},
   "cell_type": "markdown",
   "metadata": {},
   "source": [
    "Encontramos unas correlaciones interesantes:\n",
    "- Los jugadores con mejor Overall, Potential y Value tienden a tener mejor paga\n",
    "- Los jugadores con mejor paga tienen un Release Clause mas alto, por ende tambien tiene correlación con Overall, Potential y Value\n",
    "- A mayor altura, mayor peso\n",
    "- A mayor altura, menor skill moves"
   ]
  },
  {
   "cell_type": "code",
   "execution_count": 4,
   "metadata": {},
   "outputs": [
    {
     "data": {
      "application/vnd.plotly.v1+json": {
       "config": {
        "plotlyServerURL": "https://plot.ly"
       },
       "data": [
        {
         "hovertemplate": "Age=%{x}<br>Overall=%{y}<extra></extra>",
         "legendgroup": "",
         "marker": {
          "color": "#636efa",
          "symbol": "circle"
         },
         "mode": "markers",
         "name": "",
         "showlegend": false,
         "type": "scattergl",
         "x": [
          31,
          33,
          26,
          27,
          27,
          27,
          32,
          31,
          32,
          25,
          29,
          28,
          32,
          32,
          27,
          24,
          24,
          27,
          26,
          26,
          29,
          31,
          32,
          30,
          33,
          19,
          26,
          26,
          26,
          27,
          26,
          26,
          26,
          29,
          29,
          30,
          28,
          31,
          30,
          33,
          33,
          40,
          24,
          25,
          27,
          25,
          31,
          25,
          28,
          29,
          31,
          31,
          30,
          30,
          31,
          22,
          23,
          24,
          26,
          26,
          23,
          26,
          25,
          25,
          27,
          27,
          28,
          27,
          29,
          28,
          31,
          29,
          28,
          31,
          29,
          33,
          34,
          23,
          23,
          22,
          24,
          25,
          23,
          23,
          27,
          26,
          26,
          27,
          27,
          30,
          29,
          29,
          28,
          29,
          28,
          29,
          31,
          29,
          32,
          31,
          29,
          30,
          35,
          31,
          33,
          30,
          32,
          32,
          35,
          36,
          22,
          23,
          25,
          24,
          23,
          22,
          22,
          22,
          24,
          24,
          26,
          26,
          25,
          26,
          24,
          25,
          27,
          26,
          25,
          30,
          30,
          26,
          29,
          28,
          28,
          28,
          27,
          31,
          30,
          32,
          29,
          29,
          30,
          29,
          31,
          34,
          30,
          31,
          32,
          31,
          32,
          30,
          37,
          34,
          34,
          21,
          21,
          26,
          26,
          26,
          22,
          23,
          23,
          22,
          22,
          22,
          24,
          22,
          23,
          23,
          26,
          25,
          27,
          24,
          26,
          29,
          24,
          23,
          26,
          22,
          24,
          27,
          24,
          24,
          24,
          25,
          25,
          26,
          28,
          25,
          27,
          30,
          26,
          27,
          28,
          27,
          28,
          28,
          28,
          29,
          27,
          33,
          30,
          28,
          29,
          26,
          27,
          30,
          28,
          31,
          29,
          30,
          31,
          30,
          29,
          29,
          29,
          31,
          33,
          31,
          30,
          35,
          33,
          34,
          35,
          26,
          18,
          22,
          21,
          19,
          30,
          34,
          30,
          23,
          21,
          22,
          21,
          23,
          22,
          23,
          27,
          24,
          28,
          24,
          22,
          23,
          23,
          24,
          23,
          25,
          25,
          31,
          24,
          26,
          25,
          29,
          28,
          25,
          27,
          25,
          26,
          27,
          25,
          25,
          27,
          25,
          29,
          27,
          27,
          26,
          25,
          25,
          28,
          27,
          27,
          26,
          27,
          29,
          26,
          26,
          26,
          26,
          29,
          30,
          28,
          27,
          30,
          29,
          30,
          27,
          27,
          32,
          28,
          31,
          29,
          30,
          28,
          30,
          33,
          29,
          32,
          32,
          27,
          31,
          31,
          31,
          31,
          31,
          32,
          31,
          32,
          32,
          31,
          32,
          35,
          36,
          37,
          36,
          37,
          20,
          30,
          20,
          22,
          21,
          24,
          22,
          22,
          24,
          21,
          22,
          30,
          26,
          24,
          25,
          24,
          23,
          22,
          25,
          23,
          24,
          24,
          24,
          22,
          24,
          25,
          25,
          31,
          25,
          25,
          25,
          24,
          24,
          23,
          27,
          26,
          25,
          28,
          27,
          27,
          27,
          30,
          25,
          24,
          28,
          25,
          29,
          29,
          25,
          28,
          30,
          26,
          25,
          25,
          26,
          28,
          27,
          25,
          28,
          31,
          29,
          25,
          28,
          29,
          28,
          29,
          32,
          30,
          29,
          29,
          33,
          31,
          31,
          33,
          31,
          29,
          26,
          27,
          29,
          30,
          32,
          33,
          31,
          33,
          35,
          32,
          32,
          28,
          33,
          31,
          32,
          34,
          36,
          21,
          19,
          21,
